Date    	Days	documents * accesses	documents * bytes	documents * visits	documents / accesses	documents / bytes	documents / visits
7/1/2001	31	               28.00	           111649.00	                2.00	                0.00	                0.00	                0.00
8/1/2001	31	             3214.00	         49732348.00	              426.00	              247.00	            79613.00	              140.00
9/1/2001	30	             1086.00	         21716212.00	              243.00	               85.00	            13760.00	               61.00
10/1/2001	31	              501.00	          9869839.00	              127.00	               43.00	             9288.00	               37.00
11/1/2001	30	              775.00	         15593530.00	              144.00	               51.00	            10664.00	               38.00
12/1/2001	31	              580.00	         10203529.00	              130.00	               44.00	            12040.00	               37.00
1/1/2002	31	              908.00	         21321314.00	              167.00	               63.00	            15136.00	               57.00
2/1/2002	28	             1029.00	         15271486.00	              187.00	               61.00	            15480.00	               58.00
3/1/2002	31	              863.00	         20743296.00	               59.00	               53.00	            13416.00	               47.00
4/1/2002	30	              862.00	         15436484.00	              112.00	               70.00	            14104.00	               48.00
5/1/2002	31	              599.00	         13036713.00	              102.00	               47.00	            12728.00	               39.00
6/1/2002	30	             1184.00	         26746876.00	               97.00	               56.00	            16168.00	               55.00
7/1/2002	31	              970.00	         22659532.00	              180.00	               61.00	            15480.00	               46.00
8/1/2002	31	             1723.00	         45106796.00	              339.00	               91.00	            22016.00	               10.00
9/1/2002	30	              823.00	         12504159.00	              361.00	               59.00	            12384.00	               41.00
10/1/2002	31	              930.00	         18999982.00	              140.00	               68.00	            14448.00	               16.00
11/1/2002	30	              897.00	         17348618.00	              356.00	               55.00	            10664.00	               44.00
12/1/2002	31	              868.00	         23263720.00	              141.00	               59.00	            13072.00	               46.00
1/1/2003	31	             1110.00	         27445893.00	              212.00	               70.00	            15480.00	               72.00
2/1/2003	28	              742.00	         15914184.00	              194.00	               62.00	            15136.00	               45.00
3/1/2003	31	              720.00	         16899080.00	              135.00	               75.00	            18232.00	               22.00
4/1/2003	30	             1234.00	         20330990.00	              480.00	               71.00	            14792.00	               22.00
5/1/2003	31	              993.00	         16735776.00	              226.00	               70.00	            15824.00	               55.00
6/1/2003	30	             1356.00	         35075590.00	              420.00	               88.00	            21672.00	               32.00
7/1/2003	31	             1551.00	         33568287.00	              330.00	               94.00	            20640.00	               53.00
8/1/2003	31	              744.00	          9188299.00	              330.00	               43.00	             9632.00	               43.00
9/1/2003	30	              978.00	         14460734.00	              343.00	               66.00	            15136.00	               24.00
10/1/2003	31	              922.00	         11681882.00	              362.00	               64.00	            15824.00	               59.00
11/1/2003	30	              969.00	         19631336.00	              299.00	               77.00	            18232.00	               50.00
12/1/2003	31	              919.00	         19793603.00	              305.00	               62.00	            15824.00	               46.00
1/1/2004	31	             1076.00	         22848691.00	              280.00	               76.00	            19952.00	               47.00
2/1/2004	29	              637.00	          8861453.00	              164.00	               47.00	            12040.00	               35.00
3/1/2004	31	             1585.00	         31892425.00	              367.00	               81.00	            20984.00	               44.00
4/1/2004	30	             1178.00	         19515666.00	              231.00	               72.00	            20984.00	               38.00
5/1/2004	31	              530.00	          4403817.00	              160.00	               52.00	            15136.00	               17.00
6/1/2004	30	              580.00	          7285004.00	              208.00	               58.00	            17200.00	               31.00
7/1/2004	31	             1206.00	         23284924.00	              238.00	               67.00	            19264.00	               45.00
8/1/2004	31	             1826.00	         35241679.00	              412.00	               83.00	            24080.00	               59.00
9/1/2004	30	             1963.00	         22815011.00	              342.00	               75.00	            19608.00	               55.00
10/1/2004	31	             1886.00	         23545257.00	              457.00	              117.00	            36464.00	               44.00
11/1/2004	30	             2185.00	         20538354.00	              541.00	               97.00	            28208.00	               79.00
12/1/2004	31	                0.00	                0.00	                0.00	                0.00	                0.00	                0.00
6/1/2006	30	             2764.00	        122169833.00	              363.00	              124.00	           230414.00	               61.00
7/1/2006	31	             1872.00	         45199557.00	              457.00	              136.00	           289842.00	               76.00
8/1/2006	31	             2247.00	         56472845.00	              514.00	              122.00	           270144.00	               67.00
9/1/2006	30	             2607.00	         66209893.00	              622.00	              146.00	           267330.00	               53.00
10/1/2006	31	             2660.00	         68627143.00	              664.00	              152.00	           264516.00	               43.00
11/1/2006	30	             2212.00	         59000317.00	              598.00	              185.00	           385518.00	               82.00
12/1/2006	31	             2579.00	         69946763.00	              774.00	              224.00	           489638.00	              109.00
1/1/2007	31	             3476.00	        112042924.00	              676.00	              300.00	           413512.00	              169.00
2/1/2007	28	             2176.00	         56179866.00	              573.00	              179.00	            51256.00	               78.00
3/1/2007	31	             4463.00	        209804095.00	             1209.00	              252.00	            72928.00	               96.00
4/1/2007	30	             4328.00	        174780271.00	              805.00	              346.00	           103200.00	              193.00
5/1/2007	31	             2999.00	        112971825.00	              549.00	              267.00	            74304.00	              134.00
6/1/2007	30	             2568.00	         95650021.00	              652.00	              234.00	            62608.00	               91.00
7/1/2007	31	             3440.00	        505806500.00	              686.00	              281.00	            71896.00	              107.00
8/1/2007	31	             2945.00	        302039919.00	              638.00	              241.00	            61576.00	              124.00
9/1/2007	30	             1830.00	        142065092.00	              401.00	              180.00	            50224.00	              114.00
10/1/2007	31	             2520.00	        210611493.00	              544.00	              196.00	            61232.00	              106.00
11/1/2007	30	             3252.00	        171073287.00	              505.00	              203.00	            62264.00	              112.00
12/1/2007	31	             3038.00	        130425074.00	              666.00	              183.00	            52632.00	               98.00
1/1/2008	31	             2321.00	        121073965.00	              736.00	              207.00	            62608.00	               74.00
2/1/2008	29	             2412.00	        113307995.00	              662.00	              190.00	            57448.00	              120.00
3/1/2008	31	             6340.00	        490769165.00	             1252.00	              201.00	            60544.00	              297.00
4/1/2008	30	             2487.00	        140271775.00	              620.00	              215.00	            62608.00	               40.00
5/1/2008	31	             2552.00	        121457576.00	              759.00	              202.00	            59856.00	               52.00
6/1/2008	30	             2035.00	         84377965.00	              700.00	              221.00	            67768.00	               40.00
7/1/2008	31	             4879.00	        242678023.00	              900.00	              271.00	            87032.00	              105.00
8/1/2008	31	             2306.00	         78511774.00	              664.00	              241.00	            77056.00	              134.00
9/1/2008	30	             3748.00	        169464276.00	              739.00	              339.00	           102168.00	              125.00
10/1/2008	31	             2983.00	        136339213.00	              798.00	              260.00	            75680.00	               94.00
11/1/2008	30	             2178.00	         85659730.00	              795.00	              225.00	            68800.00	               60.00
12/1/2008	31	             2613.00	         90322200.00	              703.00	              259.00	            75680.00	               88.00
1/1/2009	31	             2708.00	        124774641.00	              737.00	              256.00	            74304.00	              114.00
2/1/2009	28	             1611.00	         69710227.00	              476.00	              198.00	            61232.00	               68.00
3/1/2009	31	             2196.00	        100374732.00	              605.00	              231.00	            69144.00	               97.00
4/1/2009	30	             1651.00	         75784026.00	              543.00	              204.00	            61920.00	               74.00
5/1/2009	31	             2832.00	        121139119.00	              699.00	              247.00	            78088.00	              111.00
6/1/2009	30	             1944.00	         91310323.00	              597.00	              209.00	            60233.00	               82.00
7/1/2009	31	             2772.00	        117436927.00	              663.00	              305.00	            97352.00	               83.00
8/1/2009	31	             2597.00	        106124526.00	              761.00	              227.00	            71552.00	               91.00
9/1/2009	30	             3361.00	        182141404.00	              777.00	              246.00	            78088.00	              123.00
10/1/2009	31	             3185.00	        139947208.00	              748.00	              284.00	            90128.00	              116.00
11/1/2009	30	             2435.00	        111341409.00	              587.00	              190.00	            60200.00	               86.00
12/1/2009	31	             2501.00	         95696899.00	              677.00	              222.00	            72584.00	              119.00
1/1/2010	31	             2637.00	        120409785.00	              625.00	              232.00	            83597.00	               68.00
2/1/2010	28	             3023.00	        137018811.00	              507.00	              218.00	            65360.00	              125.00
3/1/2010	31	             3211.00	        162042998.00	              874.00	              261.00	            79808.00	              122.00
4/1/2010	30	             3721.00	        131108738.00	             1548.00	              253.00	            80496.00	               97.00
5/1/2010	31	             3148.00	        113261611.00	             1211.00	              249.00	            79464.00	               46.00
6/1/2010	30	             3806.00	        150941271.00	              858.00	              301.00	            89784.00	              139.00
7/1/2010	31	             3491.00	        152215017.00	              924.00	              274.00	            80496.00	              105.00
8/1/2010	31	             3395.00	        154786054.00	              962.00	              303.00	            86688.00	               99.00
9/1/2010	30	             2439.00	        109900257.00	              556.00	              243.00	            73616.00	              122.00
10/1/2010	31	             3267.00	        138165725.00	              944.00	              270.00	            77400.00	              112.00
11/1/2010	30	             2735.00	        105243564.00	              928.00	              264.00	            81872.00	              110.00
12/1/2010	31	             3308.00	         91281804.00	             1035.00	              394.00	           155535.00	              102.00
1/1/2011	31	             4100.00	         84296140.00	             2122.00	             1390.00	           471280.00	              128.00
2/1/2011	28	             4221.00	        122433657.00	             2221.00	             1519.00	           508776.00	             1176.00
3/1/2011	31	             5111.00	        109198538.00	             2321.00	             1664.00	           559344.00	             1326.00
4/1/2011	30	             4245.00	         99373779.00	             2122.00	             1540.00	           514280.00	             1170.00
5/1/2011	31	             5417.00	        152074777.00	             2411.00	             1703.00	           572416.00	             1405.00
6/1/2011	30	             5494.00	        129677157.00	             2301.00	             1632.00	           555560.00	              876.00
7/1/2011	31	             5601.00	        120222992.00	             2487.00	             1831.00	           616448.00	             1131.00
8/1/2011	31	             6058.00	        138230940.00	             2800.00	             1815.00	           600968.00	             1045.00
9/1/2011	30	             5343.00	        125470947.00	             2592.00	             1825.00	           611632.00	             1189.00
10/1/2011	31	             4643.00	        106930624.00	             2400.00	             1767.00	           592024.00	             1251.00
11/1/2011	30	             4941.00	        165435379.00	             2375.00	             1664.00	           565192.00	              538.00
12/1/2011	31	             3956.00	         95506310.00	             2320.00	             1553.00	           525632.00	              920.00
1/1/2012	31	             4803.00	        140090176.00	             2276.00	             1627.00	           551776.00	              969.00
2/1/2012	29	             4491.00	        135662929.00	             2155.00	             1464.00	           495704.00	              250.00
3/1/2012	31	             6620.00	        254943160.00	             2291.00	             1412.00	          1755592.00	              389.00
4/1/2012	30	             5886.00	        234376890.00	             2484.00	             1530.00	          1870176.00	              237.00
5/1/2012	31	             4910.00	        154331814.00	             2176.00	             1410.00	           472312.00	              331.00
6/1/2012	30	             3763.00	        140813240.00	             1374.00	              818.00	           269008.00	              458.00
7/1/2012	31	             4970.00	        147143924.00	             1635.00	              837.00	           242520.00	              292.00
8/1/2012	31	             4726.00	        167410602.00	             2061.00	             1127.00	           367736.00	              203.00
9/1/2012	30	             6994.00	        237871662.00	             2895.00	             1549.00	           484696.00	              358.00
10/1/2012	31	             8130.00	        285380553.00	             3716.00	             2152.00	           728592.00	             1067.00
11/1/2012	30	             7495.00	        251568204.00	             3676.00	             2188.00	           737880.00	             1188.00
12/1/2012	31	             6954.00	        211763076.00	             3949.00	             2536.00	           857248.00	             1792.00
1/1/2013	31	             8995.00	        353388018.00	             4105.00	             2617.00	           875824.00	             1315.00
2/1/2013	28	             7209.00	        230700563.00	             3136.00	             2307.00	           787072.00	              153.00
3/1/2013	31	             8291.00	        328696997.00	             4023.00	             2767.00	           930864.00	             2053.00
4/1/2013	30	             8551.00	        304198070.00	             3494.00	             2452.00	           816656.00	              752.00
5/1/2013	31	             7747.00	        380246868.00	             3477.00	             2482.00	           835920.00	             1220.00
6/1/2013	30	             7684.00	        392583343.00	             3543.00	             2584.00	           856904.00	             1539.00
7/1/2013	31	            13303.00	        465316666.00	             3356.00	             2555.00	           858624.00	             2093.00
8/1/2013	31	             9698.00	        540110449.00	             3466.00	             2460.00	           818720.00	             2359.00
9/1/2013	30	             7821.00	        496801843.00	             3536.00	             2472.00	           832824.00	             2078.00
10/1/2013	31	             9973.00	        506177758.00	             3635.00	             2628.00	           884424.00	             1988.00
11/1/2013	30	             8399.00	        390911797.00	             3536.00	             2478.00	           837984.00	             1761.00
12/1/2013	31	             9552.00	        775778541.00	             4294.00	             2570.00	           872384.00	              931.00
1/1/2014	31	             9050.00	        638940531.00	             3817.00	             2597.00	           874104.00	             1399.00
2/1/2014	28	             7742.00	        430927256.00	             3730.00	             2318.00	           783976.00	             1702.00
3/1/2014	31	             6847.00	        386030183.00	             4033.00	             2612.00	           889240.00	              260.00
4/1/2014	30	             7264.00	        408441882.00	             3353.00	             2168.00	           734440.00	             1761.00
5/1/2014	31	             7954.00	        380558731.00	             4138.00	             2566.00	           862752.00	             2162.00
6/1/2014	30	             8234.00	        430857074.00	             4140.00	             2520.00	           845552.00	             2246.00
7/1/2014	31	            11472.00	        472900131.00	             4396.00	             2768.00	           934992.00	             1859.00
8/1/2014	31	            11594.00	        550540759.00	             4700.00	             2773.00	           915728.00	              459.00
9/1/2014	30	            11849.00	        507054919.00	             4150.00	             2884.00	           964232.00	             1806.00
10/1/2014	31	            13908.00	        635382482.00	             4733.00	             3158.00	          1043008.00	             1435.00
11/1/2014	30	             8914.00	        445291983.00	             4212.00	             2838.00	           936712.00	             1100.00
12/1/2014	31	            10676.00	        492806510.00	             4653.00	             2917.00	           974208.00	              838.00
1/1/2015	31	            11421.00	        531557397.00	             4525.00	             2955.00	           996912.00	             1039.00
2/1/2015	28	            10393.00	        417713487.00	             4039.00	             2601.00	           877200.00	             1546.00
3/1/2015	31	            10361.00	        490933838.00	             4141.00	             2714.00	           912288.00	             1450.00
4/1/2015	30	             9370.00	        519070320.00	             3605.00	             2147.00	           715520.00	             1582.00
5/1/2015	31	             9288.00	        494176973.00	             3851.00	             1960.00	           656352.00	              201.00
6/1/2015	30	            16249.00	       1093048874.00	             7259.00	             2967.00	           999320.00	             1248.00
7/1/2015	31	            12111.00	        638506236.00	             7211.00	             3278.00	          1109056.00	              772.00
8/1/2015	31	            12886.00	        670208586.00	             6671.00	             1646.00	           549368.00	              149.00
9/1/2015	30	            14953.00	        640679904.00	             7739.00	             2001.00	           669768.00	              585.00
10/1/2015	31	            15698.00	        703991337.00	             9435.00	             2511.00	           845208.00	              353.00
11/1/2015	30	            16477.00	        726809129.00	            10910.00	             3324.00	          1104584.00	              753.00
12/1/2015	31	            12677.00	        595054215.00	             9031.00	             3025.00	          1014112.00	              375.00
1/1/2016	31	            10294.00	        855659066.00	             6004.00	             2634.00	           892680.00	              944.00
2/1/2016	29	            13562.00	       1288847694.00	             8001.00	             2497.00	           834200.00	              528.00
3/1/2016	31	            10615.00	       1154372868.00	             6109.00	             2292.00	           761960.00	              152.00
4/1/2016	30	            10561.00	        714205807.00	             5722.00	             2535.00	           838328.00	              924.00
5/1/2016	31	            12569.00	        980412742.00	             5765.00	             3183.00	          1065033.00	              501.00
6/1/2016	30	            10770.00	        758103767.00	             6389.00	             3128.00	          1056430.00	             1079.00
7/1/2016	31	            12204.00	        776399489.00	             6138.00	             3058.00	          1040600.00	             1296.00
8/1/2016	31	             9598.00	        653271936.00	             5600.00	             2920.00	           993128.00	              541.00
9/1/2016	30	             8480.00	        561580242.00	             5333.00	             2984.00	          1012048.00	             1134.00
10/1/2016	31	             8351.00	        508480813.00	             5184.00	             2853.00	           966640.00	              278.00
11/1/2016	30	             8442.00	        679309152.00	             5790.00	             2775.00	           933960.00	             1433.00
12/1/2016	31	             8844.00	        597967981.00	             6061.00	             2947.00	           994848.00	              721.00
1/1/2017	31	             8997.00	        686772521.00	             5842.00	             2910.00	           972488.00	              663.00
2/1/2017	28	            11297.00	        778478950.00	             8034.00	             2877.00	           959416.00	             2202.00
3/1/2017	31	             9680.00	        725488949.00	             6242.00	             3448.00	          1154808.00	             2335.00
4/1/2017	30	            10318.00	        542073607.00	             5478.00	             3325.00	          1197928.00	             1681.00
5/1/2017	31	             8160.00	        554812482.00	             5256.00	             3305.00	          1115248.00	             2310.00
6/1/2017	30	             8191.00	        667343930.00	             4517.00	             2027.00	           679056.00	              699.00
7/1/2017	31	             6178.00	        569130348.00	             3922.00	             1839.00	           606128.00	              933.00
8/1/2017	31	            10282.00	        798704998.00	             4191.00	             1929.00	           644656.00	              302.00
9/1/2017	30	             6183.00	        668969032.00	             3708.00	             1724.00	           577920.00	              139.00
10/1/2017	31	             7520.00	        706802901.00	             4149.00	             2228.00	           733064.00	              657.00
11/1/2017	30	             6970.00	        642626116.00	             3875.00	             2272.00	           738568.00	              391.00
12/1/2017	31	             6874.00	        663512216.00	             3792.00	             2059.00	           688000.00	              381.00
1/1/2018	31	             4045.00	        358912947.00	             1918.00	             1217.00	           405232.00	              651.00
2/1/2018	28	             3972.00	        375776381.00	             2089.00	             1187.00	           404200.00	              681.00
3/1/2018	31	             6944.00	        593945424.00	             4071.00	             2020.00	           681808.00	              709.00
4/1/2018	30	             8325.00	        717933259.00	             4514.00	             2085.00	           699352.00	              717.00
5/1/2018	31	             8413.00	        692542245.00	             5308.00	             2696.00	           909192.00	              680.00
6/1/2018	30	             9035.00	        596312354.00	             6457.00	             4455.00	          1267640.00	             2961.00
7/1/2018	31	             9212.00	        676910168.00	             5463.00	             2799.00	           915384.00	             1541.00
8/1/2018	31	             6706.00	        516431298.00	             4425.00	             2456.00	           810808.00	              835.00
